Test Parameters
	-FCFS:
		4 4 100 10 0 3 7 (base case)
		4 4 100 3 0 3 7
		4 4 100 0 0 3 7
		2 8 100 10 0 3 7
		2 8 100 3 0 3 7
		2 8 100 0 0 3 7
		8 2 100 10 0 3 7
		8 2 100 3 0 3 7
		8 2 100 0 0 3 7
		4 4 4000 10 0 3 7
		4 4 4000 3 0 3 7
		4 4 4000 0 0 3 7
		2 8 4000 10 0 3 7
		2 8 4000 3 0 3 7
		2 8 4000 0 0 3 7
		8 2 4000 10 0 3 7
		8 2 4000 3 0 3 7
		8 2 4000 0 0 3 7
	
	-RR:
		3 3 50 5 1 3 26 (base case)
		3 3 50 5 1 10 26
		3 3 50 2 1 3 26
		3 3 50 2 1 10 26
		3 3 50 0 1 3 26
		3 3 50 0 1 10 26
		2 6 50 5 1 3 26
		2 6 50 5 1 10 26
		2 6 50 2 1 3 26
		2 6 50 2 1 10 26
		2 6 50 0 1 3 26
		2 6 50 0 1 10 26
		6 2 50 5 1 3 26
		6 2 50 5 1 10 26
		6 2 50 2 1 3 26
		6 2 50 2 1 10 26
		6 2 50 0 1 3 26
		6 2 50 0 1 10 26
